1 -48,6 -13,40 -12,35
1 -44,0 -24,28 -21,24
1 -26,28 -19,35 -34,15
1 -33,14 -48,1 -9,42
1 -15,34 -24,28 -15,37
1 -5,40 -43,11 0,47
1 -47,5 -19,34 -16,31
1 -49,2 -42,7 -11,43
1 -15,31 -6,48 -41,6
1 -48,-3 -18,36 -26,28
0 -22,-11 -42,-27 -29,-14
1 -19,30 -45,0 -26,21
0 -8,11 -4,15 -6,5
1 -36,9 -34,16 -48,4
0 -35,-22 -35,-17 -5,13
1 -17,30 -11,35 -18,35
0 4,21 -19,-8 -29,-18
1 -47,1 -5,41 -13,40
0 18,31 -47,-28 31,44
1 -39,11 -2,49 -7,37
1 59948,77225 -23808,-9387 7715,32589
1 50928,60239 -16409,-5204 51701,66341
1 -70857,-38119 -48880,-32940 -59519,-25446
1 34659,51798 36859,47631 -78056,-58506
1 24466,49551 -63135,-45703 40568,46891
1 36065,44964 -66141,-46768 15860,51738
1 -43929,-30796 54352,77794 -25429,2466
1 -21467,3054 30827,61109 -70969,-59488
1 74284,82380 -8243,5954 -21798,4298
1 -67855,-49197 44082,64316 -37876,-6139
1 3972,13181 -89954,-60769 -8964,17547
1 45537,72942 -52362,-40435 -34119,-19891
1 -2028,14997 35442,60991 61443,68750
1 -43916,-28061 -55465,-48755 42998,63681
1 73350,88457 -11874,16030 26440,31762
1 -65313,-56356 -53026,-32520 34300,39265
1 -32146,-12079 50972,72550 22248,46391
1 -46657,-43006 -16969,11204 -82344,-47383
1 35995,47370 35895,62150 39655,60420
1 -65653,-39728 -60635,-31172 -63220,-37129
1 -9288,10739 -16832,4120 -88004,-69447
1 -38863,-28980 -63737,-41900 37942,62217
1 -13517,-5187 52267,70255 37003,43218
1 -80174,-58479 -27669,-13937 22740,39119
1 40481,79327 -50686,-34109 -47873,-19251
1 -53141,-25290 4087,26829 -76669,-49306
1 47628,74073 30788,65007 -5729,24076
1 -27429,1716 -38795,-25619 -80470,-60991
1 -85532,-76247 -20583,-14388 -6180,6938
1 36136,54651 681,16673 54021,88347
1 -10839,2952 44009,73991 -76526,-37503
1 -80935,-54015 20375,47723 -44985,-11570
1 -29152,-17522 -79004,-70473 -19513,9075
1 42805,56719 -71746,-63383 -8020,9317
1 23827,62622 8817,33810 -63712,-56192
1 23854,50148 54657,74822 -35286,-16764
1 16361,35905 -50459,-25278 59114,81629
1 50416,73692 13668,34439 -58964,-28733
1 -16085,5956 33773,54756 53424,59946
1 29300,59677 16972,31580 -67574,-43566
1 -66498,-35764 -48191,-20365 -45669,-26894
1 -5249,15206 66472,87991 -25088,-6346
1 44940,47047 -7875,6164 48885,70603
1 20334,45224 -58330,-39597 -66985,-51764
1 -62110,-36926 -33844,-3332 -67989,-49276
1 -79537,-46973 -41387,-22193 -56295,-18343
1 35909,55950 -73326,-51004 951,14112
1 -3548,16851 -66843,-45057 -70220,-51667
1 69838,79527 -18994,9060 24208,40094
1 -33158,-21723 -39086,-22336 68420,89585
1 39270,59724 55673,65464 19151,38318
1 52496,59201 -65214,-44553 14672,41441
1 -80556,-51289 -6834,12651 45231,50265
1 -42529,-37256 -71786,-46047 -45160,-29457
1 -7292,20683 33964,38369 56266,81875
1 56554,94857 -9323,7628 -38191,-15246
1 -90239,-64199 -12106,4945 -31861,-6737
1 -70665,-37138 -3664,17652 -65566,-55631
1 39992,42010 5097,17932 -83176,-64675
1 2050,15132 55300,79725 24637,48177
1 -67167,-43932 -38348,-17508 32074,69487
1 -13982,9189 -64768,-47652 44539,72740
1 24036,50641 -80964,-50826 11307,32203
1 -15873,4045 71444,98664 5987,27175
1 34924,52262 -42488,-23727 -69151,-52471
1 -38716,-13415 -75701,-54513 16558,32557
1 54512,73804 -57104,-51952 6372,20935
1 -2472,18821 -93395,-65344 -27827,-21516
1 -30985,-14732 59384,91140 -27681,9023
1 -21901,13525 -22756,-10458 62818,95668
1 -56596,-42620 -9174,11095 40474,65553
1 9454,34644 45831,73068 -60309,-32554
1 -59975,-35542 21755,46912 -62049,-50380
1 50256,64742 44024,60232 11175,27704
1 70624,93118 -3971,24925 -24402,7603
1 -91350,-61496 28135,40274 -34236,-490
1 -62876,-48072 -66154,-41664 -25541,-16593
1 -74843,-43868 -44683,-21483 -61245,-27163
1 -21194,11087 32302,58516 -64798,-62134
1 -67768,-47768 -14556,2165 32174,62655
1 45627,72404 -10725,7085 -74867,-56057
1 73335,80103 -940,24549 -26652,-2057
1 -29611,-8953 -83755,-47428 -62239,-32609
1 -77451,-43059 -50733,-38309 -27638,-6618
1 2797,15028 -4395,18291 72354,89238
1 32357,54221 19376,54571 53654,62509
1 39407,45063 20798,36099 -84563,-49978
1 17999,24268 60988,69443 -48016,-24991
1 -12881,13621 6292,25612 61881,82751
1 5723,29564 61975,85143 -2144,27434
1 37079,51048 30137,58437 -69970,-36369
1 19115,52470 -70326,-47132 32756,58758
1 64631,72765 12149,20662 -43670,-21570
1 26118,42731 -56115,-18709 -70138,-48945
1 -17212,8538 45983,70176 33763,62277
1 -50017,-27326 -66494,-60174 29470,36944
1 -81143,-78005 -24265,-8891 -28874,1866
1 -4680,7425 -74141,-50733 -44837,-37602
1 -13433,2206 -62141,-38550 -73842,-51963
1 5912,29687 -51272,-21220 -89041,-61057
1 -90566,-72748 -4352,14510 161,15910
1 -66098,-42657 50253,73378 -26126,2146
1 -87456,-57132 -2793,20938 -43168,-26919
1 -65715,-49598 58414,71608 -6442,20355
1 -60479,-42891 -1414,4764 -76994,-58816
1 31247,51271 -72093,-55943 22587,41912
1 -48835,-24794 -69869,-51581 44188,61813
1 -79310,-52425 13545,46273 -1077,13779
1 -26198,-14119 -91381,-58786 22625,42542
1 -16634,-12884 -84573,-64477 -45007,-10241
1 8770,37879 -39990,-27335 -79869,-56641
1 -69417,-67919 -55482,-26599 4222,12461
1 -38614,-30984 46341,54464 44168,69759
1 28043,55260 -31640,-19321 -70069,-45405
1 -54428,-29734 -63361,-48536 29773,43221
1 -74758,-50576 41608,59761 -23506,-2964
1 -31899,-25641 45265,72201 -55652,-36338
1 -23602,-8956 49804,61138 -61100,-42764
1 -64012,-42795 28549,50310 -41432,-13826
1 -84716,-71838 -20336,-2119 -20114,-5422
1 10649,41863 38727,64335 -58210,-43041
1 60827,83146 -19276,97 900,39347
1 45494,67585 -10004,11155 -66469,-41468
1 -6167,-3234 -77297,-54226 -53843,-40669
1 -10346,9584 -89627,-65703 18788,41145
1 -13011,10106 -83728,-78513 -3855,20426
1 -21252,744 -59633,-51031 51691,60560
1 -81603,-57080 -43510,-15120 19352,47740
1 31643,53797 -33640,-20732 -57283,-52708
1 -72627,-41549 37174,63978 28579,51492
1 -915,969 -27860,-7753 64022,79251
1 12375,24026 -27076,421 -77551,-65430
1 42569,69220 -60197,-52691 19649,32410
1 11234,19988 56563,92456 -34414,-23000
1 32691,52925 -50395,-29538 44420,50843
1 72338,73748 -48473,-10825 -20831,2321
1 -36649,-23132 -80543,-55440 -52261,-18786
1 -81996,-66896 4406,25901 27102,33967
1 -88925,-66506 25211,33544 -43953,-16381
1 -22852,-16256 -81570,-64232 -2836,13133
1 -73125,-59973 -51071,-41288 2006,32523
1 11921,48558 -38014,-23538 52816,79133
1 -77276,-52350 10148,21580 -58080,-49079
1 -69682,-50301 39426,52352 6187,32903
1 16282,48921 17226,37966 60185,80807
1 46345,65705 -46417,-33395 -22827,-6690
1 -50394,-32686 -88333,-62954 -27024,3577
1 7140,33792 9767,46829 -81299,-61246
1 -9597,18989 46127,54334 58870,62950
1 -61738,-59895 -67751,-39782 3758,33083
1 18021,20588 528,22252 -79722,-66478
1 -33283,-16175 51647,88795 4289,38050
1 8418,34402 62940,75700 10937,39842
1 38066,69216 -61870,-52666 7001,21002
1 -14065,14210 26629,40175 64895,76326
1 -48905,-28984 -67332,-53830 27023,51056
1 -53349,-28532 -86113,-54385 -6640,3816
1 19927,40679 38888,50220 -66852,-37883
1 34822,58245 39419,56047 -48074,-35453
1 55519,71268 23251,51805 -43197,-34669
1 18366,31245 47455,57923 -63314,-40399
1 16809,44884 -72696,-51190 48656,59401
1 -65078,-41053 5543,11678 41590,60949
1 -66361,-47750 25542,52976 23459,52981
1 48492,73562 6501,24685 -55476,-47585
1 -5913,10423 -3513,23009 68060,95432
1 -36665,-16936 51458,79451 25675,41881
1 -50562,-20432 -36101,-8899 -75843,-59065
1 -10290,84 -91837,-60678 -45412,-30817
1 -43611,-27505 53544,74236 -51041,-27055
1 -84876,-69188 -9505,-2278 -19956,507
1 8912,34239 28948,46925 -84786,-57018
1 -66773,-42848 -15800,4160 -70245,-53902
1 1616,11581 -37586,-23422 -93635,-58351
1 -17716,-6166 23649,53084 -77414,-59720
1 66509,76291 -18788,14910 -44437,-15056
1 -62464,-54602 -40294,-18120 -48928,-29110
1 39077,56965 56879,78708 14990,24122
1 -53077,-36084 33702,54413 47657,68507
1 61520,70369 18056,32432 -44688,-27507
1 -59388,-42728 30479,52052 40767,50150
1 -92249,-67129 -10938,1941 -9913,7565
1 -25812,-1624 -71753,-51660 25844,40025
1 19649,48386 -41014,-23919 56427,70905
1 838,32095 -10367,1473 66348,91274
1 -38303,-27022 -67729,-47690 36025,54732
1 42482,59286 -63176,-53499 -88,20671
1 59687,88930 -26846,-7345 17360,48177
1 -78095,-59447 -20398,-14376 -24333,-9265
1 62819,83787 2948,33310 -45780,-18588
1 49058,64597 18216,37057 -53609,-38627
1 -84327,-56771 -23351,-11025 30765,50457
1 55753,73851 -58110,-46478 -27031,-4119
1 -73675,-36607 52154,67951 -1402,12004
1 16248,37146 -53084,-28138 -66661,-48262
1 -70764,-36150 -64440,-41720 25054,39650
1 27819,42917 -63843,-52656 25355,53094
1 -64547,-49557 -10197,13715 -70067,-57853
1 -40915,-28519 3206,31848 -76553,-55947
1 -70985,-47962 24987,33686 38467,44038
0 15513,36552 21011,48806 50480,70237
1 -8557,15504 -15503,7934 -80798,-65072
0 17025,42179 16804,40563 -84618,-62252
1 -61122,-32540 -62981,-60581 -30833,-5260
1 -78311,-49021 -36455,-26330 -51072,-34510
1 -66969,-49411 28962,57971 -45809,-25056
0 824,12291 -76958,-47671 35983,63416
1 -65217,-36321 -36157,-12489 48389,67998
1 -44405,-18201 34984,66207 44604,73727
1 -58665,-25483 -27490,-7360 54293,76012
0 -37186,-16747 -28709,-16239 -74836,-58410
0 -8413,11798 -91473,-63503 -28229,-8531
1 5456,33988 44489,56095 -67281,-58655
0 -30552,-13433 5159,26646 65720,88268
1 44920,60318 -66425,-43923 605,29139
1 22458,46724 -49969,-34674 54391,60192
1 -1703,12351 -87822,-72074 -7800,22480
0 47247,79163 35616,56606 -31735,-24909
1 11683,41539 -95733,-73977 -9681,16524
1 40812,55563 -33578,4865 64505,78897
1 -20036,15091 46995,59326 44884,77360
1 -62855,-39931 29479,48353 -51117,-45631
0 -37592,-25941 -34473,-13532 -87487,-51376
1 -64214,-39688 -1101,18763 -67677,-50206
1 -50153,-24356 -29250,-17320 -86169,-62094
0 -56208,-40169 62759,70069 -36809,-10249
1 30151,60484 -24287,-12395 46908,77720
0 48362,71117 -31069,-14945 -68867,-35565
1 -56693,-31524 -31916,-18443 43623,76949
0 -78038,-72092 -5149,16099 -44554,-9980
1 -577,25715 74108,84624 -4936,9637
1 -83031,-66932 14557,32000 6095,16066
1 -72143,-44594 -15004,-10698 38642,57085
0 -65045,-38272 -46823,-22080 39554,58068
1 34800,51119 51062,68236 -27991,-5201
0 -83416,-62320 16473,33611 12618,19218
1 25465,58543 24046,54475 53940,70358
1 -58596,-37090 57992,62107 -6659,7804
0 53454,82767 -21250,-1548 22267,54071
0 -79117,-60440 -63622,-38775 -8955,15394
1 -19536,6402 -69997,-47256 -62149,-43050
0 19297,31924 -76788,-55257 -63942,-44359
1 -5012,24323 63273,68750 -46613,-33442
1 35328,58056 31710,65651 -34982,-15237
1 -48192,-33863 -44827,-29117 -63183,-34387
1 -61029,-34553 -74065,-54148 9801,31057
1 -68960,-61393 95,25336 34991,51604
0 -22044,-2351 69872,96136 -10494,8286
1 1440,21268 5182,37527 74647,91431
1 44182,71181 -45262,-34205 46957,47598
0 -41795,-20178 -1286,12098 61369,93110
1 57490,63189 -38152,-27227 -51053,-39584
0 -63860,-30714 -37055,-32656 -69657,-35687
1 -74546,-47728 25851,61864 -37061,-17825
0 -24437,3458 53476,71199 50862,72294
0 -15044,-9328 59935,76501 -52378,-31589
1 -51655,-14304 57699,76496 -12947,16602
0 52532,82259 -42406,-24363 -1001,32079
0 41894,70607 4977,11111 43205,62849
0 -23814,11255 56959,88474 10473,38908
1 -13096,14972 71943,80228 -3028,18251
1 -27486,-15251 -86029,-54143 -26263,-4307
0 -91055,-73373 -3498,9631 4362,8282
1 -79152,-55232 22406,44403 13036,31288
1 8567,29474 -58818,-28928 -77992,-60316
1 2744,29974 -81832,-58217 -21689,10361
1 -40205,-20580 -6071,5493 -82965,-63879
0 -35449,-22473 -49684,-30492 63409,79484
0 -84114,-50896 22123,40386 19361,24349
0 -71399,-43033 -11721,9904 -72892,-49712
0 -35277,-5298 58757,71355 -59738,-31019
1 44485,68629 26563,44102 -40805,-27723
1 -69517,-45409 -16306,1823 -61229,-43343
1 14841,39436 40612,73880 -58735,-44090
0 -2942,16032 -91885,-70192 9003,32942
1 -55760,-25386 14465,39987 51195,77198
1 28238,56447 14808,33011 50390,79789
0 -92759,-55503 20524,34310 -23599,-9135
0 -15929,1979 61851,85083 29933,50070
1 9225,22713 1929,34143 -94179,-69874
0 7463,16496 -71732,-37732 -64922,-51893
0 44380,74744 -53121,-22361 -48742,-27977
0 46787,63581 45095,69265 -22173,4636
1 30769,50665 -27918,-20696 47470,75232
1 -21190,1756 -16222,1903 -90299,-75313
0 58199,86595 -9628,7129 27544,30672
0 -43628,-17336 39627,58311 -52613,-40574
0 -23083,11401 75825,85369 -2312,12405
0 62885,79995 -15595,2351 -17424,-9496
1 23650,50018 -61353,-36734 42359,60245
1 61306,78203 -9179,5865 23314,46707
1 42056,61788 45171,66184 12399,45341
0 -3793,18756 34734,58540 -67271,-59301
1 71182,92230 -10343,13589 -39267,-21565
0 8673,21938 60905,76276 32571,51045
0 3228,21181 -55369,-18898 -78377,-67410
1 34378,54624 -73840,-66767 -10049,8656
0 65360,88007 2060,32471 2333,11900
0 66657,87364 18928,42774 -42310,-3806
1 21572,43731 -54266,-44947 50141,72391
1 -21538,1482 -83291,-51586 -41117,-33639
0 3318,32804 42894,69299 46535,67272
0 -35245,-27958 5462,20046 -79841,-66010
1 -12513,-1547 -23669,7873 -83425,-67259
0 8909,41254 -93808,-74009 -4819,23133
1 -52200,-25835 15960,30377 42069,69104
1 36591,45810 -77352,-60366 -26787,1341
1 -77722,-44666 14773,30746 -61160,-34050
0 -46582,-35737 46260,81259 -46889,-11312
0 -71643,-56716 14635,38747 -61795,-43527
0 39240,74444 -51811,-27332 28772,58190
1 -58340,-31522 -66224,-44479 23007,48233
1 18236,38285 -66940,-47700 16110,34304
0 34869,53447 48325,63893 -51786,-34666
1 -79894,-43774 -62405,-31453 -29419,-7548
0 67003,70197 -47541,-15287 2946,37743
0 -27204,-12410 -92512,-65886 -29578,3556
1 23183,40749 62519,80268 -5202,3129
0 20602,41386 -70944,-53377 -62742,-28208
0 -81105,-54407 -9120,26155 40234,58924
0 -57955,-43394 37870,62660 -34290,-3179
0 -15827,1883 -31681,-25066 -87406,-55191
0 23264,45566 35567,48441 -73415,-42638
1 21830,28720 33175,51976 53057,78741
1 -36115,-7643 25118,34077 -85444,-59203
0 -68866,-54071 -19472,4363 36709,53410
0 6073,29768 -85905,-74717 -3954,25642
1 -7680,15355 -1280,15625 -81294,-59380
0 -23516,-11969 -67257,-53053 -62147,-53294
1 34228,67887 -51953,-31540 -63355,-36913
1 -31721,-17384 -84942,-69374 -25974,-4286
0 8617,24564 59625,82201 23799,48653
0 -74930,-51780 -20815,6541 28260,40960
0 20994,35874 1369,26269 -94505,-56912
0 64250,74106 -59689,-31772 -22200,-12533
0 -34889,-12423 -80068,-61748 -12141,6704
0 22706,39721 -7213,2019 -76680,-65357
0 12977,30454 44617,55414 -73673,-46816
0 18421,38150 -1478,28709 -90428,-66015
0 33023,58631 -48706,-29814 -56022,-45248
0 -3236,5109 69874,87161 -9318,17274
0 -20560,6052 24119,47449 -75118,-53474
0 56672,71355 6287,18607 35879,60566
0 -45868,-26774 -87658,-63722 5520,22277
1 -21496,-12868 55261,74982 -54403,-48761
1 -82371,-70162 10539,29774 -42087,-16035
0 18165,28274 30681,46858 57064,64733
1 -31955,-11653 -83050,-70993 -8732,1596
0 54188,82626 39940,66005 -2835,7547
1 39725,68296 -14146,21379 52332,70999
1 68729,79757 -26981,-12892 -1005,18847
1 -89230,-55343 -7039,21914 -41530,-22135
0 -74761,-52782 -54591,-34050 -23588,1682
0 4588,38441 -45595,-25312 67291,73998
1 26181,42562 13286,21558 45515,72382
1 -48975,-32434 25381,44962 -68715,-38026
1 -56512,-28986 -61324,-45574 -52067,-31443
0 -97629,-71452 -9969,7612 -11415,17685
1 20053,34006 20406,41231 59488,73021
0 21900,51510 -17327,-4900 -82994,-71598
0 -65182,-35081 -45600,-23546 53314,59882
1 -14048,11980 -47734,-10267 -76957,-57926
1 10786,24964 -33833,-22273 72870,80431
1 71392,76011 18505,26763 -30097,-7811
0 5721,35848 -70691,-61922 -35016,-20564
0 37966,67044 -74895,-38819 -11378,24619
0 58047,87227 -46608,-26640 -4670,13147
0 -9970,19768 -9007,16226 -81209,-68216
1 58592,69296 -19057,6596 45774,66020
1 -81176,-70642 -7521,12540 11474,31489
0 51735,63155 -28647,7980 44811,64656
0 -59355,-39775 22154,55986 45934,68592
0 42785,65066 20097,30749 42691,67585
1 -78686,-56664 36058,51298 -46490,-32545
1 -80311,-57248 16685,26536 -1660,26257
0 -470,23335 -68058,-53549 -60120,-50237
0 -70801,-48788 21764,49044 12615,26202
0 -73980,-59126 10795,38972 29913,34771
1 77138,91326 -5153,22559 -8498,22392
0 -9498,4859 71751,94896 -15102,22812
1 23752,41322 36509,66598 -55985,-33177
1 32328,55201 48991,74159 14820,44520
0 -60929,-31013 47356,55252 -50579,-32438
1 -72486,-55704 -51776,-33226 11436,25787
1 -15912,-9994 -52777,-22910 -68881,-54558
0 2253,11637 73284,83993 12224,22275
0 18360,27676 11300,36836 -92072,-72331
0 37724,70027 -59694,-27177 -56310,-28993
1 -59217,-23702 -51823,-38981 -66296,-33273
1 31180,53449 14631,30890 -79341,-48736
0 -36056,-19761 -83624,-55630 -24386,-9717
0 -1545,9148 21897,31020 -88337,-70051
0 -32989,-9724 37526,63857 -70387,-56746
0 29903,51146 -63108,-50491 32857,41295
1 -46331,-35553 -3044,13283 62129,77317
1 33499,52700 -70674,-45077 -39327,-19649
1 58723,70030 15231,36339 -60353,-33130
1 -989,14391 -78770,-65176 22254,51047
0 66499,89004 7540,23824 -22765,-8879
0 44823,66466 -10101,16210 53856,61509